329272 329272
continuation pause average 0.146976132862
continuation std 0.325892098574
b/t turns pause average 0.138730552396
b/t turns std 0.328226648018
SGD
All
weights
actually: -1.45983033527
anyway: 0.576723095417
anyways: 0.216271160781
cool: 0.720903869271
hm: 1.27960436796
huh: 1.42378514181
huhuh: 0.0
hum: 1.35169475488
like: -1.15344619083
nice: -0.937175030053
now: -0.829039449662
oh: -0.50463270849
okay: 0.756949062735
right: 0.973220223516
say: -1.02728801371
see: -0.937175030053
so: -0.684858675808
sure: 0.666836079076
thats right: 0.0
thats true: 0.0
true: 1.02728801371
uh: -1.09937840064
uhhuh: 0.0
um: -1.06333320718
well: -0.829039449662
wow: 0.973220223516
yeah: 0.991242820248
yep: 1.27960436796
yes: 0.81101685293
you know: -0.937175030053
you see: -1.24355917449
uhhum: 0.0
Weight for duration of the word: 0.760980859939
Weight for duration of the pause: 0.0963915931071
scores
Accuracy: 0.75 (+/- 0.01)
Words only
weights
actually: -1.04531061044
anyway: 0.955197626784
anyways: 0.360451934636
cool: 0.847062046394
hm: 1.00926541698
huh: 1.02728801371
huhuh: 0.0
hum: 1.02728801371
like: -1.09937840064
nice: -1.00926541698
now: -0.991242820248
oh: -0.792994256198
okay: 0.991242820248
right: 1.02728801371
say: -1.08135580391
see: -1.02728801371
so: -1.02728801371
sure: 0.937175030053
thats right: 0.0
thats true: 0.0
true: 1.02728801371
uh: -1.00926541698
uhhuh: 0.0
um: -1.04531061044
well: -1.06333320718
wow: 1.00926541698
yeah: 1.00926541698
yep: 1.00926541698
yes: 0.991242820248
you know: -0.991242820248
you see: -1.04531061044
uhhum: 0.0
scores
Accuracy: 0.74 (+/- 0.01)
Duration of the word and the pause
weights
Weight for duration of the word: 2.35161633593
Weight for duration of the pause: 0.144618304219
scores
Accuracy: 0.66 (+/- 0.01)
Duration of the pause
weights
Weight for duration of the pause: 0.0919244394179
scores
Accuracy: 0.49 (+/- 0.02)
Random forest classifier
All
actually: 0.00600118701343
anyway: 0.000728236793723
anyways: 4.40646196011e-05
cool: 0.000201779445219
hm: 0.00710815862386
huh: 0.0112012497559
huhuh: 0.0
hum: 0.00496976004066
like: 0.022332969709
nice: 0.00161045104162
now: 0.00275295492178
oh: 0.00506043103857
okay: 0.00432319965555
right: 0.0244445279598
say: 0.00297951634614
see: 0.00192677198266
so: 0.00426380004661
sure: 0.00177244722053
thats right: 0.0
thats true: 0.0
true: 0.00172488865834
uh: 0.0540900636078
uhhuh: 0.0
um: 0.0221586076437
well: 0.0125275417679
wow: 0.00180903963931
yeah: 0.0563355069617
yep: 0.00380057729443
yes: 0.00552300278141
you know: 0.0256310255823
you see: 0.000899599122675
uhhum: 0.0
Importance for duration of the word: 0.533189809695
Importance for duration of the pause: 0.180588831031
Accuracy: 0.76 (+/- 0.01)
Words only
actually: 0.00967228971981
anyway: 0.00217032054744
anyways: 0.000113736803599
cool: 0.000739305156044
hm: 0.024730750899
huh: 0.0367543261379
huhuh: 0.0
hum: 0.0162340189787
like: 0.0980708522255
nice: 0.00156701412245
now: 0.00888594528123
oh: 0.00589317576684
okay: 0.0242673470167
right: 0.131764962371
say: 0.0145114559641
see: 0.0064820178146
so: 0.0126422043708
sure: 0.00566838582769
thats right: 0.0
thats true: 0.0
true: 0.0123635670189
uh: 0.119119573397
uhhuh: 0.0
um: 0.00954400763779
well: 0.0495932980223
wow: 0.0142133180411
yeah: 0.279199203169
yep: 0.012672468432
yes: 0.0247228271451
you know: 0.076940840743
you see: 0.00146278739045
uhhum: 0.0
Accuracy: 0.74 (+/- 0.01)
Duration of words and pauses
Importance for duration of the word: 0.649417516567
Importance for duration of the pause: 0.350582483433
Accuracy: 0.69 (+/- 0.01)
Duration of pauses
Importance for duration of the pause: 1.0
Accuracy: 0.61 (+/- 0.00)
